tree
version=v4
num_class=1
num_tree_per_iteration=1
label_index=0
max_feature_idx=35
objective=regression
feature_names=Column_0 Column_1 Column_2 Column_3 Column_4 Column_5 Column_6 Column_7 Column_8 Column_9 Column_10 Column_11 Column_12 Column_13 Column_14 Column_15 Column_16 Column_17 Column_18 Column_19 Column_20 Column_21 Column_22 Column_23 Column_24 Column_25 Column_26 Column_27 Column_28 Column_29 Column_30 Column_31 Column_32 Column_33 Column_34 Column_35
feature_infos=[-3.178623262624662:4.7912638028039014] [-6.2958545306257117:6.5034583434624427] [-2.3716187085772105:2.2293785849578573] [-3.0973529335883949:1.6083767638202162] [-3.1909434504474881:1.7529620349563733] [-3.2249982653892229:1.7680574526322279] [-2.8534425231002838:1.7936680648726446] [-2.711876173951:2.2822180213978762] [-2.807783354194004:2.3668077147624773] [-6.8740667912648306:3.3426825634451878] [-2.8674853306192447:4.8086396874402499] [-1.6557501450221817:4.3245723276530237] [-1.7281448098013699:4.3664558197252195] [-2.8054972003462821:4.1094076592706053] [-2.9775588675946505:4.9943143545655131] [-2.1257304840443614:4.9929046691943899] [-2.1439371077240112:20.758678213207954] [-2.2839317275693349:2.6132858495845452] [-0.97832742368749914:2.6081276618331946] [-4.8872898726059884:3.0575344042737918] [-4.8872924022650759:3.0575301698076292] [-4.8872261844778286:3.0575645801344264] [-1.8886785026783972:27.202286508936236] [-1.8886781263725436:27.202286403940676] [-1.8886724463469595:27.202284528613291] [-3.1786597573834547:4.7912761753529267] [-3.178713737789943:4.7912940468475611] [-6.2959513959741527:6.5034970419435814] [-6.2961761749096699:6.5036100547721452] [-5.1000108136504751:3.1970907710573804] [-5.2087809623332397:3.244649698921398] [-1.8101160812598578:26.733564441210614] [-1.8053820892251398:22.243327302623886] [-3.3683399430570868:4.8855608241159265] [-3.6054952692510378:5.1719698219141268] [7.650659133709981:45.621705426356591]
tree_sizes=2879 2873 2874

Tree=0
num_leaves=31
num_cat=0
split_feature=14 16 16 7 14 10 16 7 9 0 7 10 4 16 5 5 16 4 11 0 4 14 22 19 14 0 12 22 0 4
split_gain=10146.2 7687.36 7468.81 4132.07 2862.32 2552.07 4841 4974.43 1525.43 1294.94 2192.58 1626.39 1293.26 1027.08 994.863 898.979 1171.42 810.516 656.766 1315.65 639.851 826.752 617.418 551.036 550.269 824.567 527.411 476.612 402.751 377.577
threshold=1.6164682942449511 -1.2996893613236482 -0.79469100776823665 0.12331271820018493 2.2450200685606725 -0.11125951264486159 -0.6513756118428552 0.031656226339951431 0.85617940807991888 -0.45199340110717917 0.12331271820018493 -0.42434499394438824 -0.70004541108100005 -0.16920414407505627 -0.89974767262970334 -1.0131819858443161 -0.13350161449250045 -0.91004574082693013 0.82228790427180731 1.1482512422942219 0.20041027650356291 1.3520995166865915 -0.1825180433447928 -0.58423970402848491 2.3953450080844996 2.217645499182658 -1.2865070830240808 -0.36968799920166445 -0.047789595100094513 -0.73724651042348144
decision_type=2 2 2 2 2 2 2 2 2 2 2 2 2 2 2 2 2 2 2 2 2 2 2 2 2 2 2 2 2 2
left_child=1 3 14 8 13 6 7 27 -1 12 11 -11 22 -4 24 16 -7 -6 19 29 21 -21 -8 -16 -2 -26 -14 -3 -13 -17
right_child=2 5 4 -5 17 15 9 -9 -10 10 -12 28 26 -15 23 18 -18 -19 -20 20 -22 -23 -24 -25 25 -27 -28 -29 -30 -31
leaf_value=0.49731970794730745 -0.025868900019775307 0.45869394065460972 -0.11653462302781878 0.0033563349319639274 -0.40995325600586552 -0.013940867149967263 -0.096644301414107681 0.051242295920687291 0.20463668172693747 0.16700378511341421 0.013000911827261012 0.012862303095390146 0.046978202534807452 -0.27482758394022233 0.064429163181215193 -0.033363218211875663 -0.16597803270511508 -0.16290532835544572 -0.025411898322391803 0.24501894503208685 -0.0025386714101488725 0.042007645539612073 -0.01214576513696428 -0.025891208271324725 -0.24887131261074782 -0.071044591824601599 0.011352142669812782 0.27239039602113652 0.11948303102677532 0.0017380286150204672
leaf_weight=119 176 66 426 110 196 303 223 461 87 486 2247 381 1293 138 203 941 214 51 4104 106 99 96 4238 894 103 180 5232 165 111 4027
leaf_count=119 176 66 426 110 196 303 223 461 87 486 2247 381 1293 138 203 941 214 51 4104 106 99 96 4238 894 103 180 5232 165 111 4027
internal_value=-0.000490423 0.00884577 -0.099338 0.251962 -0.221876 0.00569694 0.0187626 0.147421 0.381489 0.012448 0.0402791 0.102567 0.0042634 -0.157341 -0.0349642 -0.0139909 -0.0778604 -0.363188 -0.0104283 0.00125548 0.101881 0.151883 -0.0164732 -0.00896104 -0.0963446 -0.138964 0.0184424 0.33421 0.0378767 -0.00493747
internal_weight=27476 25109 2367 316 811 24793 14903 692 206 14211 3225 978 10986 564 1556 9890 517 247 9373 5269 301 202 4461 1097 459 283 6525 231 492 4968
internal_count=27476 25109 2367 316 811 24793 14903 692 206 14211 3225 978 10986 564 1556 9890 517 247 9373 5269 301 202 4461 1097 459 283 6525 231 492 4968
is_linear=0
shrinkage=1


Tree=1
num_leaves=31
num_cat=0
split_feature=14 5 0 11 9 10 0 7 0 11 3 4 0 4 0 33 11 35 11 0 4 14 0 14 0 9 10 10 10 7
split_gain=9734.31 6351.53 3373.83 9475.01 2632.23 2624.13 3579.04 7770.27 1767.83 1318.67 1036.33 965.509 1242.78 917.44 906.075 777.568 621.873 558.037 505.883 505.336 500.688 522.308 475.223 437.597 425.543 433.186 412.454 408.385 348.62 316.312
threshold=1.7047046719007592 -1.1517145909664752 1.3382211130530421 -0.39093164850854623 1.2979077623281901 -0.19167608933599742 -0.161860288523031 -0.040184413195165317 1.4440065161625097 0.86323426809429837 -0.78086344642137318 -0.84230045611994664 0.16023037241306817 -1.3960823530921476 0.14661882404094109 0.20376231610883042 -1.2667596887085131 27.180176081228719 0.82228790427180731 -0.66800275570832957 -0.72257665350270173 2.3140247602497328 2.217645499182658 2.2450200685606725 -0.51531669136011904 0.78137057389271136 -0.59919685592010852 0.50508836707626892 -0.58496300654652056 0.3809425798276293
decision_type=2 2 2 2 2 2 2 2 2 2 2 2 2 2 2 2 2 2 2 2 2 2 2 2 2 2 2 2 2 2
left_child=2 4 5 17 -2 6 10 14 23 -5 24 12 15 -6 28 -7 19 -4 -13 -12 21 -10 -23 -3 25 -1 -26 -14 -8 -9
right_child=1 8 3 9 13 11 7 29 20 -11 16 18 27 -15 -16 -17 -18 -19 -20 -21 -22 22 -24 -25 26 -27 -28 -29 -30 -31
leaf_value=-0.01406184968159652 -0.12499308672333716 -0.12844171021444381 0.49944221660077015 0.10854624397486108 -0.4874519466578961 -0.067352527089120526 0.25110181227681183 0.066622460561619343 -0.010813951259532493 -0.031363203212457981 0.037055793645886931 0.0018975838861802483 0.030291701752430129 -0.26516709789556142 0.32494537582705646 -0.18940036520810133 0.013146138990643152 0.28884095043498786 -0.022171418136765569 0.12052313821628491 0.00046813129026031979 -0.1680849240732617 -0.058716488626328306 -0.27361342730383348 0.098572330419046922 -0.1518122798104867 0.0028718735577557913 -0.045577446699334695 0.10618040965024481 0.015997897090830153
leaf_weight=3854 172 276 102 258 120 468 79 410 321 464 1198 5342 358 115 259 182 6156 89 3686 211 589 144 328 68 155 53 381 342 109 1223
leaf_count=3854 172 276 102 258 120 468 79 410 321 464 1198 5342 358 115 259 182 6156 89 3686 211 589 144 328 68 155 53 381 342 109 1223
internal_value=0.000129075 -0.102332 0.00875896 0.102865 -0.278824 0.00522691 0.0192785 0.0797489 -0.0600291 0.0190348 0.00877506 -0.013848 -0.0532067 -0.386465 0.263236 -0.102711 0.020027 0.41118 -0.00793627 0.0499371 -0.034495 -0.060304 -0.0934953 -0.160647 -0.0103844 -0.0161221 0.0312017 -0.00683615 0.172006 0.0288729
internal_weight=27512 2133 25379 913 407 24466 14088 2080 1726 722 12008 10378 1350 235 447 650 7565 191 9028 1409 1382 793 472 344 4443 3907 536 700 188 1633
internal_count=27512 2133 25379 913 407 24466 14088 2080 1726 722 12008 10378 1350 235 447 650 7565 191 9028 1409 1382 793 472 344 4443 3907 536 700 188 1633
is_linear=0
shrinkage=0.05


Tree=2
num_leaves=31
num_cat=0
split_feature=9 3 0 8 25 3 11 0 12 9 2 0 4 12 0 0 10 0 12 0 35 0 10 25 10 0 10 10 0 10
split_gain=5786.05 6351.1 3012.63 8875.72 2869.6 2599.22 1382.56 3572.92 5038.94 1293.29 1105.01 1101.17 1009.06 993.069 1874.42 888.387 827.672 719.616 666.528 664.184 452.027 491.337 432.136 402.595 401.383 699.56 391.207 352.775 381.633 301.031
threshold=0.72793569233042066 -1.3720546342986319 1.1748825325875143 0.011954963519760617 0.94051593979039028 -0.88478197027284444 0.35954281124220183 0.029589098363194326 -1.0246056404003392 1.525896590327297 0.44442508947437931 1.5071818548027092 -0.68483026013604398 0.42546719767045021 1.8409606931453089 0.71919156534673068 -0.16091763879569732 -0.035509611242632071 -1.2048159543142922 -0.70321523954057186 35.226325213039054 2.217645499182658 -0.11125951264486159 0.20637553602271427 -0.21452769331680741 -0.472114820439889 0.76167262029041416 0.52068392959616905 0.63811408156492899 -0.57035419268336873
decision_type=2 2 2 2 2 2 2 2 2 2 2 2 2 2 2 2 2 2 2 2 2 2 2 2 2 2 2 2 2 2
left_child=2 4 6 22 -2 9 7 12 16 17 -10 -11 24 14 15 -7 -9 23 19 -14 -13 -22 -4 -3 25 -1 -17 28 -19 -27
right_child=1 5 3 -5 -6 13 -8 8 10 11 -12 20 18 -15 -16 26 -18 27 -20 -21 21 -23 -24 -25 -26 29 -28 -29 -30 -31
leaf_value=-0.011101961090926761 -0.12340391975673247 -0.068496138341037835 0.51790650085527068 0.0026077108401412505 -0.44553092322276755 -0.019531930643747752 -0.01123685000242013 0.30003271176981239 0.11306078930849456 -0.25267474011758745 0.020009918495456115 -0.0039773830233399967 0.030686230400427186 -0.029801041548104069 0.27488950370014581 0.13746053712368012 0.093720750673674053 -0.016989655567280153 0.011451527874658762 0.10701603407345106 -0.24137964716332183 -0.082703442626374926 0.29484955700843235 -0.20896915550909792 -0.052728965815331943 0.098741820381046883 0.036154169735345514 -0.059535736907772141 0.12524701696820559 0.020888606730636958
leaf_weight=4425 158 117 93 416 126 1000 5938 255 427 173 1232 96 1377 2653 64 120 67 294 5940 357 69 172 64 97 468 190 428 518 51 352
leaf_count=4425 158 117 93 416 126 1000 5938 255 427 173 1232 96 1377 2653 64 120 67 294 5940 357 69 172 64 97 468 190 428 518 51 352
internal_value=0.000119531 -0.0427078 0.0122922 0.124909 -0.271555 -0.0313794 0.00919447 0.0172354 0.0797336 -0.0859002 0.0442275 -0.15122 0.00776399 -0.0110155 0.019898 0.00850466 0.259194 -0.0544128 0.0194332 0.0466637 -0.0962056 -0.132116 0.438886 -0.135486 -0.00871518 -0.00451927 0.0593803 -0.0336443 0.0055255 0.0488334
internal_weight=27737 6136 21601 573 284 5852 21028 15090 1981 1587 1659 510 13109 4265 1612 1548 322 1077 7674 1734 337 241 157 214 5435 4967 548 863 345 542
internal_count=27737 6136 21601 573 284 5852 21028 15090 1981 1587 1659 510 13109 4265 1612 1548 322 1077 7674 1734 337 241 157 214 5435 4967 548 863 345 542
is_linear=0
shrinkage=0.05


end of trees

feature_importances:
Column_0=22
Column_10=12
Column_4=8
Column_14=7
Column_11=6
Column_7=5
Column_9=5
Column_16=5
Column_12=4
Column_3=3
Column_5=3
Column_22=2
Column_25=2
Column_35=2
Column_2=1
Column_8=1
Column_19=1
Column_33=1

parameters:
[boosting: gbdt]
[objective: regression]
[metric: l1,l2]
[tree_learner: serial]
[device_type: cpu]
[data_sample_strategy: bagging]
[data: ]
[valid: ]
[num_iterations: 1500]
[learning_rate: 0.05]
[num_leaves: 31]
[num_threads: 16]
[seed: 42]
[deterministic: 1]
[force_col_wise: 0]
[force_row_wise: 1]
[histogram_pool_size: -1]
[max_depth: -1]
[min_data_in_leaf: 50]
[min_sum_hessian_in_leaf: 0.001]
[bagging_fraction: 0.8]
[pos_bagging_fraction: 1]
[neg_bagging_fraction: 1]
[bagging_freq: 1]
[bagging_seed: 400]
[bagging_by_query: 0]
[feature_fraction: 0.8]
[feature_fraction_bynode: 1]
[feature_fraction_seed: 30056]
[extra_trees: 0]
[extra_seed: 12879]
[early_stopping_round: 0]
[early_stopping_min_delta: 0]
[first_metric_only: 0]
[max_delta_step: 0]
[lambda_l1: 0]
[lambda_l2: 5]
[linear_lambda: 0]
[min_gain_to_split: 0]
[drop_rate: 0.1]
[max_drop: 50]
[skip_drop: 0.5]
[xgboost_dart_mode: 0]
[uniform_drop: 0]
[drop_seed: 17869]
[top_rate: 0.2]
[other_rate: 0.1]
[min_data_per_group: 100]
[max_cat_threshold: 32]
[cat_l2: 10]
[cat_smooth: 10]
[max_cat_to_onehot: 4]
[top_k: 20]
[monotone_constraints: ]
[monotone_constraints_method: basic]
[monotone_penalty: 0]
[feature_contri: ]
[forcedsplits_filename: ]
[refit_decay_rate: 0.9]
[cegb_tradeoff: 1]
[cegb_penalty_split: 0]
[cegb_penalty_feature_lazy: ]
[cegb_penalty_feature_coupled: ]
[path_smooth: 0]
[interaction_constraints: ]
[verbosity: -1]
[saved_feature_importance_type: 0]
[use_quantized_grad: 0]
[num_grad_quant_bins: 4]
[quant_train_renew_leaf: 0]
[stochastic_rounding: 1]
[linear_tree: 0]
[max_bin: 255]
[max_bin_by_feature: ]
[min_data_in_bin: 3]
[bin_construct_sample_cnt: 200000]
[data_random_seed: 175]
[is_enable_sparse: 1]
[enable_bundle: 1]
[use_missing: 1]
[zero_as_missing: 0]
[feature_pre_filter: 1]
[pre_partition: 0]
[two_round: 0]
[header: 0]
[label_column: ]
[weight_column: ]
[group_column: ]
[ignore_column: ]
[categorical_feature: ]
[forcedbins_filename: ]
[precise_float_parser: 0]
[parser_config_file: ]
[objective_seed: 16083]
[num_class: 1]
[is_unbalance: 0]
[scale_pos_weight: 1]
[sigmoid: 1]
[boost_from_average: 1]
[reg_sqrt: 0]
[alpha: 0.9]
[fair_c: 1]
[poisson_max_delta_step: 0.7]
[tweedie_variance_power: 1.5]
[lambdarank_truncation_level: 30]
[lambdarank_norm: 1]
[label_gain: ]
[lambdarank_position_bias_regularization: 0]
[eval_at: ]
[multi_error_top_k: 1]
[auc_mu_weights: ]
[num_machines: 1]
[local_listen_port: 12400]
[time_out: 120]
[machine_list_filename: ]
[machines: ]
[gpu_platform_id: -1]
[gpu_device_id: -1]
[gpu_device_id_list: ]
[gpu_use_dp: 0]
[num_gpu: 1]

end of parameters

pandas_categorical:null
